
flag =

    'simple result'


x =

         0
    7.0000
         0
         0
    8.0000
  -31.0000
  -19.0000
         0
         0
         0
         0
         0
   -1.0000
    2.0000
    7.0000


fval =

   12.0000

